C-1001|2|12|1
C-1002|3|250|1
C-1003|1|0|1
C-1004|9|4|0
C-1005|3|40|1
C-1006|1|88|1
C-1007|2|7|1
C-1008|2|0|0
C-1009|3|95|1
C-1010|1|51|1
C-1011|5|12|1
C-1012|2|20|0
C-1013|3|18|1
C-1014|1|1|1
C-1015|1|120|1
C-1016|3|400|1
C-1017|2|3|1
C-1018|7|2|0
C-1019|3|60|1
C-1020|2|14|1
C-1021|1|0|0
C-1022|3|99|1
C-1023|1|52|1
C-1024|2|11|1
C-1025|3|10|1
C-1026|4|8|1
C-1027|2|15|1
C-1028|1|75|0
C-1029|3|80|1
C-1030|2|9|1
C-1031|1|2|1
C-1032|3|30|1
C-1033|2|0|1
C-1034|8|16|1
C-1035|1|61|1
C-1036|3|500|1
C-1037|2|5|0
C-1038|3|70|1
C-1039|1|53|1
C-1040|2|18|1
C-1041|3|22|1
C-1042|1|49|1
C-1043|6|6|1
C-1044|2|13|1
C-1045|3|12|0
C-1046|1|58|1
C-1047|2|4|1
C-1048|3|89|1
C-1049|1|0|1
C-1050|2|17|1
